42
220
1 4
9 19
29 31
10 30
15 31
2 19
20 25
41 28
24 36
17 14
33 9
2 26
26 13
1 19
5 0
24 12
17 9
1 28
37 16
15 39
33 35
20 31
20 2
23 36
17 40
7 8
8 9
22 31
9 27
32 33
38 5
40 39
31 35
12 3
30 3
38 9
32 14
9 14
7 24
12 14
32 18
21 23
8 1
12 18
26 0
7 22
4 6
18 35
39 28
38 28
29 33
35 20
3 0
34 8
25 2
20 13
21 41
34 29
40 3
3 25
3 11
3 5
15 19
39 10
5 33
36 35
22 29
11 26
28 3
32 11
10 17
10 9
18 11
32 19
20 33
25 35
11 22
2 14
13 38
7 34
26 16
18 10
17 8
17 1
3 28
16 11
35 34
12 1
14 37
35 25
15 37
38 26
33 3
18 15
20 34
25 37
41 2
14 16
4 16
0 18
27 33
11 6
14 21
6 29
14 41
10 29
34 6
11 23
8 28
39 26
18 20
19 15
21 34
32 23
8 30
41 33
22 8
40 34
29 4
21 1
1 30
28 35
36 38
16 0
24 11
26 40
30 2
14 9
36 2
30 0
32 29
33 10
38 29
3 23
33 22
25 32
25 5
5 40
3 27
7 30
26 37
32 38
2 24
40 32
24 30
18 13
39 12
1 0
35 32
22 16
21 33
26 2
36 29
0 39
13 6
41 13
33 2
37 31
32 17
17 6
29 14
18 28
12 10
16 35
24 8
40 18
13 9
2 37
4 2
8 35
24 32
17 39
39 4
12 13
32 22
23 5
15 8
0 37
16 40
11 10
37 25
17 37
20 19
37 26
12 39
28 34
28 2
32 25
6 0
36 37
22 18
0 36
24 0
31 38
39 1
7 32
25 0
2 21
26 12
5 4
13 37
27 17
35 22
12 15
38 10
7 20
9 39
16 6
38 21
36 20
40 2
14 15
13 19
17 26
2 5
23 12
19 17
23 26
37 32
21 9
0 0
1 1
2 6
3 2
4 1
5 6
6 2
7 6
8 2
9 4
10 5
11 5
12 6
13 6
14 4
15 6
16 5
17 1
18 6
19 6
20 1
21 4
22 5
23 1
24 3
25 4
26 4
27 3
28 3
29 6
30 1
31 1
32 4
33 4
34 6
35 4
36 4
37 1
38 4
39 3
40 4
41 6
