40
200
23 6
17 35
33 15
26 12
9 21
2 27
10 19
3 6
20 26
12 16
11 8
7 29
22 10
22 3
27 15
9 2
22 18
29 7
33 16
11 2
29 13
21 39
24 17
38 4
35 10
13 6
11 20
36 33
36 1
25 5
4 7
16 25
6 9
33 17
4 15
22 25
14 7
34 4
3 30
7 8
36 18
28 24
3 11
34 39
12 20
36 8
19 12
14 19
34 18
27 1
17 22
37 12
12 36
21 0
6 1
25 9
4 19
0 9
31 37
17 11
1 35
7 16
17 33
26 5
26 3
19 24
8 31
12 29
23 19
30 8
28 35
20 29
36 3
18 5
6 11
19 8
4 28
1 30
33 20
4 34
27 16
23 11
27 5
19 16
32 31
37 28
35 7
34 1
18 35
29 37
35 33
18 28
8 9
16 4
13 18
6 0
24 18
9 37
37 36
4 23
30 23
12 5
4 30
25 19
34 26
29 2
22 24
37 27
35 4
28 11
22 28
19 23
26 8
20 22
31 10
5 1
21 10
38 25
0 16
4 26
2 25
28 16
2 18
4 37
0 36
12 19
19 30
28 31
13 11
1 10
13 14
20 3
39 21
19 36
39 13
13 28
30 15
6 26
4 20
10 4
16 22
16 27
5 36
19 18
7 12
28 12
19 9
16 10
22 27
6 21
33 12
1 15
19 39
1 24
19 11
20 27
25 28
7 30
0 24
22 29
30 4
32 10
22 19
0 2
18 33
18 30
12 35
10 15
19 4
33 5
21 7
24 13
1 34
6 19
24 2
2 26
24 21
2 28
8 29
32 28
38 18
33 8
23 13
13 8
10 34
7 26
20 6
28 37
9 30
23 33
3 17
13 12
6 5
32 36
15 28
37 9
36 20
14 1
20 24
28 27
0 0
1 3
2 3
3 5
4 3
5 3
6 4
7 2
8 2
9 6
10 3
11 1
12 4
13 3
14 6
15 6
16 1
17 2
18 6
19 6
20 3
21 2
22 3
23 4
24 4
25 1
26 6
27 2
28 1
29 6
30 2
31 6
32 2
33 4
34 5
35 5
36 6
37 6
38 4
39 6
